0000047125
0000006443
0000004890
0000004570
0000038562
0000060463
0000034515
0000054972
0000012537
0000043438
0000010578
0000046614
0000030733
0000016171
0000012898
0000007016
0000004893
0000012841
0000013434
0000052946
0000059131
0000051573
0000013758
0000010167
0000031021
0000016488
0000032982
0000008631
0000036353
0000046407
0000011669
0000006833
0000006264
0000046901
0000030604
0000004140
0000014249
0000008634
0000006829
0000039349
0000005591
0000007941
0000003352
0000031198
0000025484
0000034430
0000025324
0000038911
0000011093
0000014717
0000020130
0000045089
0000008372
0000031361
0000031535
0000005592
0000007829
0000016172
0000017108
0000033116
0000004573
0000048632
0000013745
0000030593
0000054876
0000004896
0000013383
0000025223
0000004574
0000053881
0000040033
0000053879
0000031387
0000013801
0000036521
0000006837
0000010587
0000009847
0000008944
0000010169
0000011413
0000013553
0000035014
0000011908
0000050849
0000007832
0000006626
0000015367
0000017032
0000046700
0000043001
0000045794
0000017413
0000016174
0000056207
0000004899
0000010208
0000006628
0000013611
0000005596
0000015595
0000046600
0000013343
0000003358
0000013077
0000015768
0000040591
0000016226
0000016175
0000014966
0000030678
0000042244
0000031866
0000033533
0000030144
0000042903
0000031139
0000007023
0000004900
0000038336
0000039636
0000025925
0000006447
0000030038
0000037792
0000012596
0000014549
0000016176
0000012899
0000006448
0000006269
0000009255
0000011967
0000011488
0000030325
0000036616
0000011034
0000011415
0000048197
0000006270
0000038898
0000006271
0000012599
0000005600
0000048200
0000007026
0000011205
0000039352
0000012191
0000006272
0000013412
0000010597
0000008108
0000010598
0000054965
0000047455
0000006450
0000046112
0000027771
0000011672
0000005223
0000045799
0000043102
0000031862
0000004022
0000036530
0000033059
0000007154
0000050157
0000005501
0000035815
0000038641
0000030297
0000004474
0000019898
0000034423
0000034683
0000011800
0000048251
0000031203
0000042284
0000010818
0000057736
0000013515
0000016000
0000010028
0000005666
0000007425
0000010895
0000010398
0000006367
0000004280
0000056472
0000010400
0000006045
0000027456
0000044613
0000040900
0000011046
0000057864
0000047572
0000004687
0000004281
0000006207
0000009120
0000011159
0000042818
0000007157
0000025885
0000026392
0000006368
0000013643
0000009122
0000011791
0000014286
0000040612
0000038247
0000017269
0000012870
0000009123
0000012311
0000035081
0000031514
0000014227
0000030934
0000017338
0000003800
0000015752
0000042370
0000014834
0000033343
0000029532
0000048258
0000032431
0000003134
0000011326
0000053000
0000004690
0000011327
0000008821
0000004285
0000006734
0000006735
0000034081
0000007160
0000006542
0000048260
0000025555
0000004841
0000007701
0000013165
0000007702
0000005505
0000048691
0000011794
0000011795
0000012330
0000004477
0000007433
0000015835
0000037335
0000007983
0000033218
0000039074
0000006951
0000006046
0000025748
0000011328
0000012680
0000010826
0000011401
0000031354
0000008529
0000010827
0000042224
0000013497
0000010407
0000039468
0000008244
0000006952
0000010829
0000040857
0000003805
0000008245
0000014121
0000046853
0000005672
0000009412
0000010831
0000012337
0000015083
0000044323
0000031757
0000004986
0000010832
0000013535
0000005509
0000015905
0000004293
0000004847
0000049404
0000005314
0000006212
0000013714
0000007434
0000005315
0000012788
0000008534
0000026020
0000046922
0000040535
0000011330
0000014647
0000014733
0000040227
0000042634
0000035338
0000006214
0000007708
0000048927
0000010035
0000007710
0000006738
0000010036
0000014661
0000013707
0000035041
0000006771
0000014256
0000010459
0000043054
0000038392
0000034467
0000014678
0000012077
0000032832
0000006228
0000047254
0000039087
0000011857
0000008573
0000004719
0000052753
0000036423
0000017378
0000046889
0000054981
0000048480
0000011120
0000035257
0000014424
0000025893
0000014092
0000014530
0000004314
0000016465
0000015041
0000046177
0000033747
0000006071
0000008576
0000030483
0000010079
0000007474
0000013547
0000045327
0000014031
0000040220
0000038930
0000005888
0000014016
0000049168
0000013592
0000044823
0000005889
0000007210
0000026861
0000006774
0000035305
0000010466
0000009365
0000038803
0000050996
0000004516
0000056448
0000007475
0000015877
0000050781
0000040876
0000045531
0000007476
0000035651
0000009773
0000013506
0000012938
0000011363
0000007477
0000016673
0000016667
0000014141
0000005890
0000010471
0000005892
0000042917
0000003561
0000004316
0000057645
0000006778
0000004865
0000007757
0000048753
0000010918
0000011365
0000010086
0000010087
0000045386
0000048224
0000034439
0000025801
0000033365
0000033994
0000013602
0000004519
0000029986
0000005549
0000009474
0000010089
0000040980
0000040296
0000016138
0000009777
0000015276
0000007759
0000006779
0000026923
0000044877
0000009778
0000005706
0000012388
0000038681
0000011581
0000056924
0000030406
0000040862
0000046508
0000031664
0000003312
0000026476
0000013209
0000026490
0000010479
0000030788
0000010094
0000038543
0000054932
0000012081
0000016469
0000034381
0000014663
0000013723
0000026138
0000034084
0000034756
0000012083
0000007763
0000056385
0000017168
0000016140
0000012558
0000006781
0000041891
0000005896
0000048704
0000046465
0000015914
0000038064
0000015731
0000046259
0000042944
0000008883
0000008038
0000006783
0000008294
0000011368
0000006403
0000040791
0000030055
0000032497
0000008148
0000016869
0000026211
0000027461
0000030712
0000031113
0000015893
0000013959
0000040430
0000008686
0000009003
0000003400
0000052904
0000006876
0000031916
0000006145
0000011081
0000007063
0000006473
0000048400
0000013939
0000031540
0000007324
0000009005
0000056407
0000040322
0000003402
0000012237
0000046286
0000009129
0000017401
0000024224
0000013357
0000016623
0000041816
0000017298
0000010664
0000009297
0000005617
0000003953
0000033187
0000013805
0000008417
0000004781
0000007066
0000014518
0000042896
0000042422
0000048404
0000014753
0000005434
0000010235
0000008695
0000007886
0000016197
0000040683
0000015818
0000009011
0000007068
0000013098
0000008418
0000006146
0000003508
0000011806
0000005785
0000029847
0000046409
0000012749
0000009622
0000025342
0000025313
0000011239
0000012240
0000015251
0000011240
0000042976
0000044770
0000045803
0000043120
0000009220
0000039830
0000035896
0000010669
0000004783
0000014475
0000002884
0000004784
0000013907
0000010671
0000006657
0000006658
0000035700
0000013961
0000038458
0000011472
0000009914
0000016624
0000048268
0000042964
0000039863
0000040681
0000011625
0000003693
0000020109
0000026031
0000006881
0000009624
0000026149
0000006882
0000007327
0000020612
0000049021
0000014521
0000058999
0000051344
0000006826
0000005980
0000013396
0000012248
0000004785
0000034102
0000036299
0000031955
0000016028
0000013570
0000012433
0000014489
0000009919
0000049145
0000024567
0000054897
0000026747
0000031263
0000007616
0000015388
0000009016
0000014975
0000010242
0000006308
0000025634
0000008705
0000031618
0000040043
0000004924
0000044506
0000040325
0000038057
0000046356
0000011244
0000009304
0000009305
0000039392
0000014982
0000007332
0000034775
0000005258
0000009921
0000008426
0000030058
0000010681
0000005275
0000007112
0000008758
0000016133
0000038158
0000006171
0000004810
0000009056
0000020816
0000004639
0000013915
0000038436
0000008760
0000026314
0000008456
0000013947
0000008457
0000008761
0000014240
0000013137
0000007113
0000013280
0000035791
0000035308
0000007363
0000004643
0000014257
0000012921
0000007366
0000006503
0000052955
0000009059
0000039965
0000016878
0000047814
0000006174
0000006344
0000010738
0000010739
0000007368
0000005641
0000025426
0000014128
0000053676
0000045731
0000057576
0000013275
0000006688
0000017093
0000017702
0000015223
0000009969
0000056447
0000006504
0000017415
0000005814
0000042265
0000054365
0000031380
0000010741
0000006347
0000007371
0000026740
0000004812
0000010310
0000015319
0000042852
0000003741
0000011757
0000010311
0000006908
0000006689
0000014728
0000005462
0000012280
0000014343
0000006505
0000007655
0000016217
0000056378
0000030147
0000012706
0000013281
0000005278
0000036644
0000005815
0000015859
0000020596
0000013139
0000006176
0000005465
0000005107
0000011005
0000013409
0000014254
0000027168
0000009357
0000004958
0000013440
0000005042
0000014556
0000035292
0000042553
0000014722
0000030438
0000026208
0000054926
0000007379
0000046554
0000007116
0000009677
0000013871
0000011709
0000006348
0000015017
0000059000
0000007933
0000005647
0000007118
0000017095
0000010318
0000026753
0000006913
0000030549
0000010320
0000040784
0000013373
0000016797
0000016859
0000038068
0000033606
0000014823
0000057344
0000040342
0000004819
0000047924
0000045732
0000042320
0000008773
0000004959
0000006178
0000006694
0000054958
0000026335
0000010888
0000003987
0000026782
0000030439
0000045628
0000008467
0000036467
0000012291
0000003753
0000046772
0000055031
0000056564
0000029939
0000013142
0000015180
0000054893
0000024277
0000013496
0000046154
0000010698
0000011573
0000011438
0000005694
0000015089
0000012219
0000031342
0000014888
0000011825
0000035412
0000038648
0000012372
0000015250
0000010451
0000014199
0000004309
0000046016
0000006765
0000005877
0000004712
0000006567
0000012373
0000011824
0000005334
0000013645
0000030378
0000029451
0000007744
0000005879
0000011351
0000043285
0000007200
0000008562
0000006972
0000005880
0000046160
0000012375
0000036060
0000007466
0000009165
0000011352
0000060488
0000056488
0000020977
0000013464
0000036037
0000039883
0000006570
0000014090
0000004508
0000015280
0000027187
0000036672
0000013504
0000040052
0000047573
0000002809
0000009761
0000043034
0000004068
0000009168
0000016993
0000035058
0000037789
0000044285
0000010069
0000011354
0000012878
0000009762
0000045141
0000025970
0000010074
0000005163
0000051130
0000003148
0000057862
0000012460
0000012985
0000055094
0000004510
0000012879
0000027576
0000012959
0000037018
0000045391
0000040253
0000032485
0000005007
0000030151
0000013556
0000008569
0000008570
0000039783
0000031525
0000013520
0000030395
0000032952
0000009461
0000013479
0000054898
0000030840
0000014587
0000042295
0000010457
0000042036
0000005884
0000026474
0000038698
0000004514
0000042427
0000040192
0000008871
0000047687
0000014231
0000017384
0000008885
0000042438
0000006404
0000012394
0000015126
0000008886
0000026873
0000013021
0000016066
0000014368
0000053839
0000042623
0000007214
0000048915
0000005553
0000015452
0000011842
0000050634
0000015962
0000004529
0000011953
0000010102
0000038185
0000007769
0000032382
0000011844
0000034339
0000038319
0000008298
0000008589
0000014608
0000007770
0000011371
0000010484
0000010934
0000008590
0000012560
0000045077
0000029272
0000007216
0000058954
0000043477
0000046232
0000039475
0000033143
0000012830
0000029845
0000006787
0000046481
0000005712
0000041770
0000027655
0000014625
0000013580
0000010936
0000006788
0000008889
0000027471
0000010488
0000010937
0000010489
0000011372
0000012397
0000038569
0000030895
0000057369
0000031765
0000012561
0000053536
0000010941
0000057884
0000010105
0000010494
0000008890
0000031819
0000009496
0000042192
0000005903
0000030246
0000003859
0000039248
0000037851
0000031228
0000016543
0000008891
0000038696
0000047845
0000025810
0000011178
0000017345
0000014126
0000005904
0000054895
0000006237
0000033464
0000011762
0000008306
0000008893
0000012832
0000034383
0000005905
0000013683
0000012401
0000007774
0000007776
0000056973
0000033787
0000009500
0000047849
0000013223
0000046564
0000024241
0000007778
0000008895
0000014910
0000010113
0000035574
0000013185
0000045496
0000044851
0000011376
0000013485
0000045104
0000014984
0000010952
0000044108
0000015042
0000010114
0000034802
0000009794
0000012734
0000036599
0000026433
0000005717
0000046619
0000025755
0000048497
0000014451
0000011852
0000012088
0000011377
0000010498
0000040297
0000014626
0000010117
0000017006
0000007223
0000009795
0000033473
0000009796
0000013486
0000010958
0000010959
0000015980
0000005564
0000006791
0000006090
0000006091
0000013549
0000010961
0000007782
0000006241
0000014469
0000007487
0000014369
0000036994
0000050779
0000011443
0000016544
0000003009
0000017571
0000038921
0000060455
0000041990
0000005718
0000040732
0000011854
0000048053
0000014145
0000047387
0000028866
0000005180
0000052635
0000014211
0000036264
0000016263
0000014411
0000032639
0000050923
0000030794
0000006792
0000059133
0000039973
0000030300
0000004871
0000053509
0000056808
0000036189
0000048794
0000011604
0000007248
0000017483
0000017580
0000026436
0000026845
0000015560
0000012580
0000055037
0000017947
0000013023
0000033646
0000009536
0000043931
0000031123
0000031766
0000015343
0000008078
0000031485
0000057261
0000038254
0000060467
0000021558
0000012890
0000004355
0000014615
0000011396
0000025434
0000005035
0000005732
0000043284
0000015268
0000046277
0000010139
0000011906
0000050847
0000004356
0000003894
0000005381
0000056489
0000006428
0000007515
0000008345
0000005733
0000009538
0000012735
0000004357
0000009225
0000012104
0000013538
0000010543
0000015288
0000007252
0000044409
0000039820
0000011397
0000008080
0000006813
0000014686
0000006606
0000005384
0000015570
0000039803
0000006607
0000014078
0000047771
0000024244
0000013265
0000011898
0000013488
0000004358
0000048479
0000026244
0000030808
0000050864
0000042222
0000014034
0000016682
0000004557
0000007815
0000031530
0000045533
0000014875
0000053848
0000008349
0000031437
0000053793
0000013270
0000006817
0000038227
0000006818
0000015777
0000007818
0000015437
0000006819
0000005386
0000013539
0000010547
0000016281
0000011608
0000009234
0000015100
0000014465
0000004559
0000040950
0000046495
0000014079
0000009327
0000004882
0000035352
0000015275
0000008086
0000036294
0000013778
0000014397
0000010150
0000016726
0000032149
0000009825
0000044581
0000007523
0000017357
0000011048
0000010151
0000007524
0000039344
0000008088
0000015101
0000040949
0000035069
0000060490
0000057103
0000008352
0000059005
0000036693
0000020108
0000060482
0000010554
0000044530
0000005393
0000035948
0000014091
0000014102
0000003340
0000012159
0000012436
0000033871
0000009827
0000007263
0000041076
0000014656
0000057875
0000011610
0000038385
0000005394
0000038485
0000016481
0000006823
0000004885
0000024287
0000010154
0000017203
0000005212
0000030811
0000011012
0000010112
0000013104
0000014063
0000043070
0000041830
0000004578
0000015409
0000013048
0000014304
0000037488
0000003642
0000009862
0000023219
0000011490
0000013078
0000035154
0000053342
0000054247
0000051261
0000004902
0000045274
0000008646
0000003183
0000003362
0000017240
0000038298
0000016179
0000008953
0000009569
0000007284
0000012687
0000015784
0000006634
0000056494
0000009863
0000010602
0000015150
0000045024
0000007287
0000006635
0000008650
0000032492
0000014838
0000039427
0000017468
0000033609
0000014302
0000046536
0000007288
0000015230
0000014777
0000056404
0000005602
0000004151
0000011207
0000040539
0000054630
0000045980
0000034767
0000034911
0000005752
0000008651
0000014250
0000005753
0000047203
0000017165
0000007289
0000008955
0000005057
0000007847
0000007290
0000017276
0000007559
0000024023
0000004582
0000014996
0000005232
0000046248
0000005603
0000006451
0000015312
0000035737
0000006637
0000006639
0000009262
0000009867
0000047615
0000010607
0000027633
0000005233
0000013081
0000008958
0000053335
0000040311
0000004584
0000005956
0000006275
0000012602
0000011127
0000009869
0000016892
0000013877
0000044605
0000007034
0000056479
0000009870
0000005604
0000015132
0000015384
0000005757
0000032863
0000009574
0000007566
0000039781
0000010612
0000030870
0000043733
0000015619
0000015994
0000047074
0000012604
0000039837
0000010613
0000013442
0000005414
0000009266
0000004587
0000015549
0000014316
0000016617
0000013739
0000008963
0000027295
0000056410
0000008660
0000033437
0000008661
0000014288
0000004161
0000048188
0000055114
0000016183
0000010621
0000017106
0000056462
0000050876
0000048132
0000038427
0000011973
0000035834
0000035189
0000014241
0000005958
0000008967
0000031393
0000057870
0000008118
0000007038
0000010624
0000033580
0000011130
0000045204
0000005959
0000005607
0000006281
0000010195
0000006852
0000011214
0000014350
0000028172
0000004165
0000042035
0000033709
0000051131
0000047886
0000013086
0000016397
0000013360
0000016185
0000014217
0000003662
0000003075
0000041768
0000012845
0000053135
0000053897
0000017443
0000008973
0000004168
0000008974
0000006645
0000042987
0000042316
0000010202
0000003190
0000035088
0000004169
0000023980
0000005067
0000007042
0000044443
0000011689
0000057741
0000013747
0000009271
0000007861
0000015620
0000008123
0000011217
0000045681
0000013321
0000033954
0000007862
0000053397
0000044765
0000007043
0000012609
0000016305
0000010629
0000006129
0000036223
0000032868
0000013777
0000015597
0000010207
0000025346
0000003930
0000057099
0000011219
0000057338
0000013089
0000033869
0000009586
0000009273
0000007045
0000007303
0000004174
0000010630
0000013559
0000008978
0000005070
0000003667
0000017768
0000011133
0000032813
0000009274
0000026326
0000039775
0000028832
0000007046
0000008393
0000010210
0000030658
0000023490
0000017691
0000037927
0000010633
0000048623
0000012198
0000016105
0000044895
0000004775
0000030161
0000013702
0000008128
0000013772
0000011692
0000008672
0000004591
0000017635
0000025500
0000027457
0000038444
0000011222
0000009883
0000031032
0000010636
0000004402
0000012213
0000009592
0000027497
0000044949
0000009276
0000015322
0000030690
0000031396
0000007049
0000013090
0000035983
0000056603
0000038125
0000008132
0000016123
0000009886
0000006862
0000008134
0000025675
0000041183
0000010214
0000057768
0000007308
0000009887
0000033002
0000008675
0000033147
0000011135
0000038596
0000004593
0000053358
0000040819
0000003937
0000032861
0000017446
0000013092
0000026011
0000009597
0000033826
0000008983
0000027499
0000011137
0000008984
0000009278
0000056406
0000016496
0000005612
0000040544
0000042860
0000006863
0000036525
0000017111
0000011986
0000049189
0000009891
0000048345
0000030878
0000005424
0000005613
0000004406
0000009281
0000053694
0000007870
0000040416
0000020252
0000012619
0000006133
0000013865
0000015548
0000016897
0000040494
0000007311
0000004183
0000014817
0000044254
0000004596
0000057641
0000029906
0000007312
0000048005
0000014950
0000056600
0000051068
0000005768
0000045428
0000050855
0000009599
0000026737
0000027029
0000011925
0000036270
0000010221
0000006294
0000013938
0000054667
0000039721
0000017143
0000012849
0000010649
0000003387
0000005078
0000010650
0000043059
0000056768
0000013622
0000023648
0000005247
0000006137
0000029726
0000014951
0000004186
0000004914
0000015662
0000036350
0000012227
0000054401
0000015213
0000028809
0000017086
0000013414
0000027464
0000007058
0000009283
0000045345
0000013995
0000006468
0000017241
0000009602
0000005080
0000005771
0000006470
0000054906
0000016932
0000010652
0000009284
0000010653
0000009900
0000003202
0000012907
0000025375
0000006139
0000005772
0000008403
0000047467
0000006140
0000005082
0000045071
0000011453
0000014143
0000057876
0000021091
0000028981
0000011421
0000008996
0000010655
0000015151
0000013030
0000004188
0000057869
0000054024
0000003393
0000027340
0000033004
0000009902
0000006870
0000017695
0000040688
0000005774
0000046506
0000006872
0000040458
0000008682
0000056529
0000003947
0000004780
0000008140
0000034461
0000013811
0000008405
0000011989
0000011990
0000027739
0000050841
0000013099
0000002881
0000011229
0000014536
0000015848
0000013926
0000057392
0000020601
0000009610
0000023497
0000016379
0000005083
0000006142
0000008998
0000041094
0000031612
0000031472
0000012234
0000009611
0000043690
0000026292
0000039453
0000036625
0000007601
0000040263
0000053194
0000009613
0000008410
0000013355
0000047408
0000014700
0000008685
0000029279
0000014561
0000013101
0000026329
0000005085
0000007602
0000008411
0000003207
0000005513
0000008536
0000012472
0000005514
0000043863
0000011556
0000012482
0000015477
0000034840
0000025985
0000014462
0000049759
0000049624
0000004484
0000005859
0000013475
0000045862
0000025481
0000013181
0000008830
0000051037
0000005676
0000009419
0000005318
0000012342
0000045223
0000008832
0000048934
0000056504
0000008834
0000008249
0000009420
0000005677
0000014119
0000013199
0000032808
0000038721
0000004991
0000015123
0000007988
0000007438
0000009421
0000057212
0000006744
0000047003
0000008537
0000026046
0000042474
0000040304
0000010841
0000042451
0000039103
0000012344
0000046952
0000013461
0000007989
0000009424
0000011959
0000005139
0000053073
0000041191
0000016599
0000009135
0000044944
0000008835
0000025986
0000036315
0000015537
0000025857
0000014022
0000005320
0000004040
0000010845
0000012345
0000014023
0000014040
0000045159
0000033045
0000013650
0000016233
0000016450
0000007172
0000025486
0000010414
0000056487
0000015479
0000035140
0000030629
0000042437
0000009429
0000046385
0000024519
0000011808
0000007443
0000044385
0000033148
0000006746
0000006052
0000006374
0000043833
0000007720
0000016941
0000015074
0000008257
0000037175
0000013215
0000011200
0000035740
0000038880
0000025859
0000015557
0000016142
0000026346
0000017175
0000053582
0000006551
0000012933
0000014191
0000042954
0000015279
0000013180
0000004849
0000015707
0000048641
0000040982
0000010051
0000009139
0000004996
0000048370
0000013200
0000012350
0000012351
0000005324
0000011168
0000030469
0000009142
0000010418
0000008261
0000004047
0000012161
0000013701
0000003519
0000007994
0000033756
0000013233
0000014041
0000007723
0000012770
0000044734
0000042603
0000015481
0000006751
0000048896
0000032848
0000010854
0000011650
0000060483
0000039041
0000009432
0000043077
0000003292
0000017527
0000045960
0000048836
0000014865
0000012935
0000004050
0000006962
0000006376
0000013581
0000014742
0000010423
0000007727
0000048864
0000042290
0000014219
0000040363
0000008842
0000011564
0000054601
0000050808
0000012019
0000012538
0000015482
0000010428
0000048904
0000014648
0000005682
0000008843
0000010426
0000017177
0000030004
0000008263
0000040409
0000007728
0000016808
0000010861
0000011646
0000038908
0000008844
0000006555
0000012540
0000024286
0000015890
0000004302
0000008264
0000008847
0000031853
0000033130
0000013303
0000038529
0000003525
0000050464
0000015087
0000007730
0000043908
0000005683
0000010864
0000012875
0000009745
0000012360
0000027106
0000014418
0000009439
0000034412
0000053141
0000005684
0000017544
0000031753
0000010865
0000010632
0000015780
0000015871
0000008001
0000004056
0000016960
0000054356
0000029707
0000007186
0000038076
0000016083
0000032074
0000007187
0000014044
0000015270
0000010868
0000013646
0000030474
0000004496
0000038618
0000042660
0000010870
0000026132
0000013860
0000048314
0000014216
0000036923
0000016951
0000014109
0000008851
0000004855
0000045298
0000016690
0000054054
0000011893
0000031515
0000012796
0000047320
0000005872
0000013895
0000014376
0000030477
0000014660
0000038028
0000005743
0000044160
0000043452
0000007737
0000010876
0000007456
0000034281
0000044968
0000014603
0000010063
0000005529
0000016149
0000009865
0000006757
0000006758
0000005531
0000007738
0000010064
0000008550
0000037118
0000004709
0000010066
0000028477
0000048434
0000048520
0000010436
0000005000
0000035410
0000026858
0000007457
0000046376
0000009448
0000035174
0000017014
0000010440
0000011569
0000027027
0000009154
0000031250
0000013826
0000045480
0000057863
0000011570
0000011170
0000004062
0000014724
0000012072
0000005155
0000010880
0000011821
0000037537
0000003835
0000008274
0000029534
0000025892
0000026918
0000026919
0000010070
0000003543
0000010884
0000013598
0000044897
0000038903
0000037853
0000005875
0000047545
0000008556
0000056842
0000015889
0000015387
0000033990
0000033984
0000029890
0000033987
0000008013
0000008275
0000009752
0000010886
0000014403
0000014230
0000026856
0000042763
0000006060
0000006226
0000008559
0000007460
0000014898
0000017521
0000010446
0000021174
0000005534
0000013478
0000005331
0000031527
0000032419
0000012723
0000005159
0000016942
0000008561
0000012876
0000038566
0000030113
0000007197
0000042073
0000012371
0000008016
0000010891
0000011350
0000006384
0000009452
0000006705
0000010764
0000034876
0000005833
0000005474
0000037422
0000007672
0000042207
0000016526
0000050881
0000012033
0000025760
0000033849
0000006186
0000042814
0000022570
0000011770
0000012034
0000005475
0000054723
0000049180
0000009374
0000011536
0000016035
0000017651
0000004828
0000016902
0000011673
0000012036
0000035181
0000039618
0000008785
0000048125
0000013407
0000010768
0000011355
0000038260
0000041711
0000013148
0000011774
0000035296
0000003473
0000030276
0000031010
0000008483
0000010350
0000004462
0000027488
0000026755
0000003263
0000056383
0000013789
0000056415
0000013429
0000004970
0000009376
0000015182
0000047117
0000033614
0000015394
0000013790
0000037703
0000009082
0000015785
0000017780
0000016934
0000045629
0000013821
0000046293
0000032950
0000012969
0000012990
0000007134
0000008787
0000005655
0000030287
0000011470
0000013014
0000011593
0000011106
0000027519
0000009085
0000040121
0000005122
0000024273
0000015604
0000011538
0000007680
0000042738
0000032067
0000007681
0000010355
0000005294
0000005656
0000004661
0000030641
0000005479
0000031140
0000008790
0000057395
0000051630
0000044666
0000035991
0000007137
0000007684
0000014791
0000026743
0000012040
0000009087
0000011303
0000013770
0000010776
0000039085
0000013757
0000016819
0000013289
0000043135
0000012188
0000056532
0000004664
0000024312
0000007398
0000006928
0000023777
0000010777
0000043138
0000036195
0000005658
0000051043
0000047436
0000009089
0000006034
0000010001
0000012673
0000009091
0000003119
0000015219
0000011309
0000006190
0000044219
0000042510
0000039111
0000013037
0000004255
0000014181
0000004256
0000005487
0000047007
0000004257
0000006929
0000015199
0000008498
0000043015
0000006036
0000046236
0000013632
0000012866
0000039439
0000041958
0000026405
0000012568
0000012667
0000011480
0000007230
0000004094
0000006246
0000057405
0000013487
0000014010
0000045775
0000014370
0000009799
0000030129
0000057403
0000006592
0000012742
0000013070
0000039060
0000045511
0000011069
0000012764
0000044603
0000037702
0000016473
0000057861
0000006996
0000013174
0000015032
0000007496
0000056497
0000037945
0000007792
0000008317
0000015096
0000034485
0000028012
0000008054
0000013673
0000017529
0000010507
0000010124
0000009207
0000054827
0000048101
0000011856
0000008904
0000013674
0000010508
0000010125
0000031671
0000008319
0000012572
0000011384
0000008905
0000042170
0000007497
0000031555
0000016605
0000010970
0000004342
0000013224
0000013684
0000030501
0000025954
0000015457
0000031240
0000045483
0000030199
0000025399
0000004102
0000004741
0000025790
0000017207
0000042529
0000033408
0000012091
0000005914
0000005570
0000031704
0000013258
0000015612
0000007795
0000011934
0000005915
0000045740
0000037734
0000005571
0000055100
0000046516
0000040271
0000010127
0000032009
0000051184
0000010515
0000040582
0000013058
0000031116
0000048746
0000006798
0000014393
0000046880
0000011386
0000046518
0000045253
0000008062
0000009812
0000035301
0000016349
0000041763
0000014744
0000003327
0000008327
0000006418
0000033540
0000013245
0000016429
0000017568
0000003599
0000031894
0000026481
0000013692
0000030535
0000005190
0000050742
0000015435
0000007799
0000014632
0000014667
0000008607
0000047896
0000057860
0000035839
0000026516
0000036682
0000040808
0000003161
0000009519
0000031792
0000005576
0000042050
0000031981
0000009521
0000005191
0000046108
0000026932
0000053376
0000041820
0000004876
0000048858
0000032159
0000015495
0000045871
0000012725
0000027630
0000056588
0000013658
0000034215
0000032833
0000025546
0000007002
0000006096
0000004108
0000008912
0000036684
0000007238
0000039674
0000008333
0000027646
0000015715
0000031747
0000025782
0000010525
0000034828
0000001955
0000004747
0000048998
0000006803
0000016545
0000006421
0000033490
0000013186
0000057866
0000033091
0000038785
0000051120
0000006251
0000003330
0000012945
0000020113
0000039966
0000017189
0000004551
0000012486
0000035160
0000031308
0000008072
0000012564
0000003331
0000010527
0000044095
0000041771
0000029461
0000034384
0000013187
0000013422
0000033163
0000024313
0000016938
0000043924
0000044068
0000010134
0000047015
0000011656
0000013715
0000011657
0000009523
0000007804
0000005197
0000003603
0000013068
0000004351
0000009213
0000053129
0000044838
0000009215
0000016680
0000054383
0000056606
0000038224
0000009216
0000013694
0000014654
0000010534
0000008611
0000015938
0000014668
0000005923
0000042051
0000024242
0000016999
0000038108
0000011392
0000053245
0000010990
0000006807
0000011598
0000058961
0000038938
0000030391
0000027585
0000044833
0000012100
0000008613
0000011056
0000007809
0000012424
0000014215
0000005726
0000016547
0000015565
0000002840
0000004752
0000020065
0000048484
0000045785
0000005728
0000015079
0000015080
0000057179
0000014394
0000006102
0000010136
0000033523
0000015262
0000046482
0000046988
0000014401
0000010994
0000005375
0000037538
0000025433
0000013696
0000009532
0000033900
0000011602
0000029447
0000014372
0000038077
0000030982
0000011059
0000011603
0000014873
0000044870
0000010541
0000035044
0000009018
0000049116
0000030608
0000041942
0000042726
0000042791
0000004421
0000011715
0000007076
0000016108
0000029874
0000007619
0000009019
0000010244
0000006309
0000042335
0000012252
0000006481
0000020026
0000010246
0000005984
0000039976
0000013883
0000016199
0000042259
0000012254
0000026090
0000004789
0000014479
0000005441
0000030579
0000033971
0000011246
0000005094
0000010686
0000040070
0000044400
0000057688
0000011247
0000011718
0000006150
0000005792
0000046011
0000009631
0000005621
0000012751
0000020752
0000007900
0000039609
0000003960
0000011719
0000034694
0000015302
0000005988
0000045806
0000045701
0000014571
0000014570
0000005261
0000008164
0000006485
0000040940
0000010253
0000033691
0000006665
0000009929
0000006151
0000011454
0000049178
0000004611
0000010255
0000053232
0000042005
0000036287
0000013910
0000056441
0000011425
0000017112
0000009553
0000012256
0000006666
0000016765
0000011251
0000056530
0000009635
0000014490
0000006311
0000013512
0000025928
0000013433
0000031040
0000006487
0000008716
0000011252
0000011146
0000016099
0000027608
0000003420
0000016737
0000008431
0000044230
0000026693
0000007336
0000011879
0000048667
0000014989
0000047310
0000007904
0000046043
0000034969
0000008719
0000014970
0000010260
0000015236
0000015494
0000012638
0000030547
0000026657
0000030509
0000030432
0000010693
0000048210
0000008171
0000009027
0000006317
0000026296
0000033803
0000016629
0000056551
0000009032
0000010696
0000044692
0000039948
0000005264
0000042750
0000045361
0000057305
0000005447
0000008722
0000007082
0000012698
0000060098
0000026033
0000008433
0000027609
0000010699
0000032000
0000047377
0000002733
0000008176
0000007624
0000029909
0000007339
0000031693
0000013399
0000014537
0000054927
0000011730
0000013911
0000031309
0000047675
0000005993
0000036915
0000035288
0000014268
0000011511
0000031089
0000031042
0000057656
0000014294
0000008435
0000014347
0000011732
0000015797
0000058994
0000025941
0000009318
0000010265
0000008177
0000040213
0000009642
0000008436
0000031621
0000013560
0000016512
0000004428
0000016631
0000030873
0000051050
0000015391
0000014727
0000015809
0000020599
0000009036
0000030716
0000045647
0000040762
0000035284
0000042202
0000035289
0000046137
0000003434
0000041863
0000026777
0000048732
0000017753
0000009936
0000013118
0000011260
0000006321
0000013751
0000056583
0000050139
0000040444
0000012808
0000016685
0000011736
0000016436
0000006322
0000004211
0000005996
0000010269
0000009644
0000026661
0000026662
0000016209
0000005801
0000011315
0000034692
0000051107
0000007912
0000006158
0000021328
0000007090
0000040172
0000015068
0000011741
0000013143
0000016634
0000054892
0000032213
0000038982
0000011148
0000042139
0000009942
0000044475
0000011743
0000042854
0000006495
0000007093
0000035243
0000013705
0000013438
0000009322
0000007097
0000004433
0000038653
0000011628
0000007634
0000031287
0000006674
0000007342
0000011483
0000055008
0000047866
0000004941
0000010275
0000011025
0000007913
0000007635
0000053811
0000031587
0000013912
0000010709
0000005998
0000007914
0000013964
0000010710
0000010278
0000007345
0000004625
0000042638
0000038658
0000041115
0000047870
0000027530
0000016044
0000005999
0000028953
0000047484
0000030067
0000016318
0000047212
0000008737
0000008097
0000006327
0000016119
0000015787
0000007099
0000007346
0000010969
0000012701
0000033372
0000011149
0000030667
0000030718
0000031231
0000012999
0000011516
0000050895
0000010280
0000011745
0000009651
0000012469
0000041699
0000043919
0000050347
0000016210
0000008186
0000009655
0000011506
0000011266
0000010714
0000009656
0000017454
0000009044
0000013295
0000013808
0000027304
0000012915
0000010715
0000006891
0000010282
0000040187
0000011267
0000013965
0000049121
0000013859
0000054950
0000005803
0000005101
0000044742
0000008444
0000027466
0000040618
0000035763
0000016024
0000007349
0000011078
0000006331
0000040334
0000008744
0000020256
0000026313
0000013568
0000025793
0000038665
0000007103
0000032682
0000007104
0000006334
0000008746
0000017089
0000030087
0000020947
0000020948
0000008447
0000013045
0000006498
0000005635
0000009046
0000007919
0000005454
0000024280
0000043181
0000049868
0000012269
0000005455
0000003727
0000002903
0000044934
0000009336
0000012270
0000008448
0000008747
0000042115
0000009952
0000017090
0000042650
0000005269
0000037850
0000006165
0000036849
0000053523
0000009954
0000056509
0000005103
0000007351
0000004222
0000032183
0000011748
0000043898
0000012651
0000012273
0000007644
0000012494
0000007645
0000013423
0000017766
0000016590
0000014270
0000012882
0000032018
0000017279
0000017040
0000015404
0000013945
0000049124
0000012274
0000027033
0000039575
0000038217
0000012504
0000007646
0000005270
0000040336
0000010293
0000012652
0000057058
0000005809
0000047382
0000013439
0000060461
0000031860
0000047840
0000045412
0000034779
0000048790
0000056598
0000012919
0000016640
0000058941
0000009666
0000031846
0000024505
0000031924
0000040545
0000009344
0000035718
0000006897
0000033655
0000032932
0000042264
0000025789
0000039576
0000043326
0000028590
0000009962
0000009348
0000011061
0000013369
0000006339
0000011279
0000039742
0000045131
0000005638
0000015240
0000008927
0000012281
0000041817
0000013370
0000036539
0000011521
0000007651
0000006898
0000012488
0000044000
0000012530
0000012654
0000010299
0000026728
0000047804
0000043963
0000013402
0000030782
0000047043
0000016320
0000011282
0000005639
0000006901
0000028979
0000016933
0000036642
0000006902
0000030591
0000006904
0000007358
0000007652
0000007383
0000008470
0000013374
0000009360
0000054997
0000004452
0000012658
0000012864
0000009361
0000010328
0000044080
0000045514
0000015675
0000045571
0000012027
0000046883
0000006016
0000015419
0000040760
0000038967
0000011849
0000009982
0000008472
0000047362
0000009983
0000013814
0000032930
0000010330
0000042906
0000005821
0000045415
0000006180
0000013171
0000040911
0000011931
0000007122
0000014558
0000048020
0000006352
0000008200
0000042447
0000006512
0000030958
0000042356
0000025467
0000026336
0000015363
0000047910
0000010842
0000032141
0000042416
0000013287
0000025373
0000026497
0000007124
0000009366
0000010337
0000033977
0000007940
0000009367
0000006919
0000009072
0000016223
0000009368
0000042131
0000004238
0000014333
0000005650
0000012295
0000009988
0000009821
0000016389
0000014313
0000030078
0000048943
0000030677
0000011764
0000047968
0000058943
0000055012
0000011529
0000044705
0000007385
0000014412
0000006698
0000049217
0000013035
0000047927
0000030080
0000015317
0000005116
0000003763
0000054838
0000006518
0000047969
0000014528
0000021164
0000010760
0000008205
0000005117
0000008206
0000005471
0000007947
0000054945
0000009688
0000011298
0000035602
0000006701
0000004824
0000038900
0000009369
0000012299
0000057859
0000041113
0000044266
0000028185
0000012300
0000046222
0000010344
0000012378
0000054815
0000010761
0000016524
0000010762
0000015591
0000005288
0000009077
0000012924
0000004650
0000060106
0000005830
0000049899
0000056514
0000003469
0000034032
0000054962
0000004652
0000010763
0000007668
0000007669
0000004459
0000047978
0000007953
0000014958
0000027615
0000007128
0000010004
0000009094
0000005489
0000026790
0000007964
0000057873
0000024217
0000008499
0000012928
0000014841
0000008500
0000013043
0000011778
0000013380
0000005661
0000006526
0000004009
0000009097
0000007403
0000006930
0000034963
0000032106
0000014710
0000011107
0000012042
0000031728
0000016866
0000042411
0000004834
0000012317
0000008226
0000007687
0000007965
0000014961
0000010369
0000047110
0000011314
0000047321
0000015486
0000006195
0000044122
0000016131
0000009101
0000036853
0000012169
0000013049
0000011783
0000033999
0000013341
0000015224
0000028395
0000032042
0000010786
0000038704
0000042507
0000012043
0000014711
0000054300
0000034137
0000036690
0000026639
0000004672
0000026931
0000031073
0000015425
0000056362
0000014893
0000044905
0000011086
0000050842
0000017715
0000014531
0000021095
0000009389
0000030657
0000011317
0000005126
0000060459
0000029456
0000040988
0000014005
0000012738
0000007015
0000042135
0000029965
0000039296
0000010791
0000009707
0000014963
0000047647
0000009107
0000012973
0000012379
0000016333
0000024643
0000042762
0000010012
0000056458
0000005127
0000015658
0000025945
0000017408
0000006528
0000012677
0000010380
0000015748
0000004677
0000043685
0000010015
0000006936
0000008230
0000008804
0000007412
0000032769
0000012496
0000033693
0000031362
0000032439
0000050846
0000004979
0000007693
0000046037
0000006938
0000010020
0000053174
0000042609
0000013015
0000041187
0000006041
0000005305
0000006529
0000006530
0000006365
0000049136
0000006727
0000016109
0000011642
0000014730
0000040353
0000015750
0000027545
0000017103
0000039482
0000031233
0000009112
0000012331
0000008519
0000041748
0000010800
0000011910
0000006941
0000009393
0000037005
0000057628
0000008520
0000032884
0000039722
0000026408
0000009395
0000010802
0000013188
0000038466
0000011319
0000015742
0000014225
0000009115
0000013698
0000025402
0000026829
0000056617
0000044922
0000048521
0000004473
0000007974
0000004982
0000009399
0000053826
0000008814
0000008523
0000009715
0000056381
0000045851
0000010808
0000043992
0000013514
0000008524
0000036776
0000012733
0000010393
0000009716
0000003794
0000053094
0000043265
0000035300
0000014406
0000014111
0000013212
0000011404
0000010558
0000039162
0000010559
0000008358
0000006611
0000033275
0000025133
0000010560
0000039709
0000005396
0000003344
0000039758
0000014065
0000013530
0000013178
0000034355
0000027316
0000012442
0000012196
0000007528
0000007529
0000048037
0000006110
0000006440
0000012111
0000006441
0000031508
0000030815
0000035194
0000007530
0000011407
0000006617
0000046323
0000045939
0000030857
0000055594
0000056841
0000037758
0000008364
0000007531
0000016437
0000016787
0000013066
0000038776
0000006260
0000005040
0000024243
0000016287
0000012589
0000042472
0000014105
0000016145
0000035720
0000031983
0000006111
0000007532
0000013257
0000006619
0000041940
0000004373
0000013256
0000039639
0000011589
0000045739
0000047882
0000059172
0000038295
0000048077
0000014106
0000015720
0000014080
0000008366
0000011020
0000009836
0000027593
0000030587
0000014035
0000017011
0000042129