ID_NUMBER
0000004110
0000005334
0000007049
0000007124
0000007214
0000007646
0000009610
0000009613
0000009904
0000010808
0000011849
0000013553
0000014462
0000020113
0000020601
0000020826
0000022366
0000022716
0000028979
0000029447
0000029461
0000033163
0000041990
0000053357
0000002048
0000003161
0000003183
0000003292
0000003358
0000003413
0000003473
0000003482
0000003627
0000003693
0000004238
0000004358
0000004462
0000004573
0000004677
0000004705
0000004709
0000004869
0000005040
0000005042
0000005070
0000005163
0000005487
0000005564
0000005635
0000005647
0000005672
0000006137
0000006178
0000006485
0000006607
0000006734
0000006852
0000006913
0000007172
0000007290
0000007497
0000007723
0000007834
0000007994
0000008156
0000008352
0000009348
0000009493
0000011022
0000011628
0000014145
0000020444
0000021369
0000025133
0000028839
0000029451
0000029687
0000033787
0000034467
0000036680
0000038562
0000039822
0000050702
0000054401
0000035689
0000002134
0000002742
0000003258
0000003402
0000003422
0000003662
0000003893
0000004302
0000004402
0000004652
0000004780
0000004876
0000004991
0000005103
0000005264
0000005375
0000005718
0000006110
0000006146
0000006272
0000006294
0000006352
0000006428
0000006441
0000006611
0000006622
0000006751
0000006876
0000006951
0000007026
0000007104
0000007137
0000007223
0000007624
0000007632
0000007685
0000007710
0000007737
0000007953
0000007983
0000008200
0000008230
0000008431
0000008436
0000008523
0000008651
0000008890
0000008927
0000009136
0000009165
0000009207
0000009274
0000009425
0000009608
0000009762
0000009794
0000010066
0000010127
0000010244
0000011148
0000011351
0000011407
0000011790
0000011986
0000012270
0000012568
0000012866
0000013099
0000013295
0000013434
0000013497
0000013883
0000014050
0000014063
0000014106
0000014372
0000014401
0000005772
0000004860
0000004865
0000004967
0000004970
0000005081
0000005269
0000005304
0000005465
0000005470
0000005596
0000005631
0000005658
0000005859
0000005877
0000005905
0000005993
0000006085
0000006339
0000006440
0000006530
0000006634
0000006698
0000006705
0000006798
0000006810
0000006817
0000006863
0000007093
0000007216
0000007425
0000007487
0000007757
0000007823
0000007842
0000007912
0000007993
0000008028
0000008118
0000008244
0000008294
0000008298
0000008690
0000008844
0000008886
0000008912
0000008998
0000009011
0000009110
0000009278
0000009680
0000009745
0000009821
0000009851
0000009879
0000010012
0000010328
0000010514
0000010660
0000010826
0000011065
0000011319
0000011377
0000011421
0000011423
0000011529
0000011584
0000011618
0000012344
0000012360
0000012374
0000012424
0000012543
0000013023
0000013030
0000013037
0000013202
0000013369
0000013488
0000013506
0000013520
0000013592
0000013652
0000013724
0000013922
0000014034
0000014121
0000014289
0000014335
0000014336
0000014406
0000014512
0000014536
0000014582
0000014718
0000014841
0000014873
0000014887
0000015074
0000015234
0000015240
0000015279
0000015345
0000015479
0000015481
0000015515
0000015787
0000015877
0000016149
0000016287
0000016349
0000016646
0000016702
0000016866
0000016912
0000017143
0000017384
0000017416
0000017419
0000017441
0000017651
0000020486
0000020774
0000020907
0000020954
0000024479
0000025342
0000025426
0000025791
0000025821
0000026031
0000026460
0000026469
0000026691
0000026741
0000026920
0000027027
0000027540
0000027606
0000028982
0000029036
0000029364
0000029395
0000029431
0000030113
0000030147
0000030176
0000030297
0000030642
0000030870
0000031032
0000031116
0000031310
0000031505
0000031581
0000031765
0000032061
0000032613
0000005803
0000005815
0000005857
0000005867
0000005872
0000005880
0000005884
0000005942
0000006016
0000006017
0000006031
0000006034
0000006071
0000006091
0000006111
0000006115
0000006133
0000006136
0000006157
0000006207
0000006246
0000006260
0000006309
0000006330
0000006453
0000006468
0000006470
0000006476
0000006495
0000006512
0000006532
0000006615
0000006617
0000006626
0000006628
0000006635
0000006674
0000006716
0000006739
0000006758
0000006783
0000006787
0000006807
0000006826
0000006829
0000006882
0000006891
0000006901
0000006930
0000006941
0000007023
0000007034
0000007038
0000007042
0000007043
0000007046
0000007058
0000007075
0000007238
0000007252
0000007259
0000007260
0000007269
0000007288
0000007446
0000007559
0000007565
0000007619
0000007634
0000007668
0000007669
0000007671
0000007672
0000007680
0000007701
0000007795
0000007804
0000007809
0000007815
0000007847
0000007857
0000007940
0000007965
0000007989
0000008001
0000008013
0000008123
0000008171
0000008176
0000008212
0000008345
0000008358
0000008366
0000008403
0000008404
0000008444
0000008524
0000008547
0000008550
0000008556
0000008559
0000008589
0000008670
0000008674
0000008700
0000008709
0000008773
0000008798
0000008830
0000008836
0000008949
0000008963
0000009001
0000009018
0000009019
0000009020
0000009027
0000009029
0000009036
0000009115
0000009123
0000009215
0000009276
0000009284
0000009346
0000009365
0000009368
0000009371
0000009429
0000009496
0000009500
0000009523
0000009553
0000009588
0000009642
0000009656
0000009707
0000009748
0000009754
0000009773
0000009778
0000009812
0000009823
0000009862
0000009870
0000009896
0000009900
0000009902
0000009914
0000009936
0000009954
0000010003
0000010036
0000010051
0000010063
0000010087
0000010094
0000010136
0000010151
0000010169
0000010210
0000010225
0000017345
0000017413
0000017443
0000017715
0000017780
0000020761
0000020977
0000021399
0000023200
0000024227
0000024241
0000024346
0000024744
0000025554
0000026434
0000027471
0000027625
0000027630
0000028304
0000029401
0000030604
0000031067
0000031323
0000031932
0000032556
0000034650
0000035740
0000036693
0000036719
0000037323
0000037428
0000037701
0000039709
0000040301
0000040494
0000043265
0000050089
0000050165
0000050203
0000050952
0000050989
0000054411
0000055094
0000002704
0000002903
0000003110
0000003176
0000003312
0000003330
0000003614
0000003727
0000004047
0000004169
0000004206
0000004325
0000004406
0000004433
0000004484
0000004510
0000004588
0000004620
0000004643
0000004661
0000004784
0000004871
0000004893
0000004959
0000005027
0000005066
0000005076
0000005080
0000005082
0000005101
0000005171
0000005288
0000005355
0000005475
0000005489
0000005577
0000005582
0000005583
0000005717
0000005733
0000005814
0000005888
0000005889
0000005915
0000005935
0000005999
0000006046
0000006135
0000006141
0000006165
0000006176
0000006180
0000006217
0000006270
0000006274
0000006283
0000006327
0000006348
0000006620
0000006659
0000006694
0000006726
0000006771
0000006774
0000006881
0000006883
0000006904
0000006929
0000007205
0000007332
0000007363
0000007386
0000007429
0000007456
0000007457
0000007460
0000007485
0000007529
0000007566
0000007585
0000007645
0000007655
0000007684
0000007748
0000007763
0000007778
0000007855
0000007861
0000008038
0000008062
0000008069
0000008072
0000008078
0000008090
0000008140
0000008249
0000008364
0000008372
0000008569
0000008590
0000008611
0000008941
0000008978
0000009094
0000009260
0000009267
0000009328
0000009397
0000009412
0000009474
0000009602
0000009669
0000009681
0000009752
0000009946
0000010020
0000010035
0000010050
0000010124
0000010167
0000010188
0000014715
0000015565
0000016025
0000016174
0000016195
0000016634
0000016934
0000017752
0000020054
0000021558
0000023219
0000023497
0000023988
0000026516
0000027304
0000028012
0000033372
0000034471
0000034496
0000036211
0000047117
0000048691
0000054838
0000057392
0000057748
0000057768
0000060106
0000003508
0000004257
0000004447
0000004611
0000004789
0000004819
0000004900
0000005381
0000005386
0000005509
0000005529
0000005641
0000005941
0000006052
0000006129
0000006334
0000006443
0000006872
0000007122
0000007154
0000007160
0000007213
0000007379
0000007412
0000007728
0000007941
0000008257
0000008393
0000009497
0000009887
0000010762
0000010851
0000011061
0000011170
0000011191
0000011336
0000011425
0000011669
0000011806
0000012240
0000012876
0000013088
0000013188
0000013270
0000013486
0000013865
0000013914
0000013930
0000014393
0000014427
0000014475
0000014916
0000015023
0000015559
0000017680
0000020309
0000020632
0000021322
0000024519
0000025696
0000026149
0000027649
0000029939
0000033144
0000034613
0000037537
0000040510
0000041977
0000042073
0000043679
0000050121
0000003107
0000003683
0000004176
0000004183
0000004186
0000004222
0000004281
0000004309
0000004316
0000004470
0000004516
0000004741
0000004783
0000004805
0000004926
0000005107
0000005247
0000005548
0000005621
0000005750
0000005903
0000005914
0000006275
0000006936
0000007015
0000007103
0000007248
0000007500
0000007652
0000007832
0000007900
0000008080
0000008660
0000008705
0000008785
0000008905
0000009085
0000009336
0000009367
0000009574
0000009827
0000009962
0000009982
0000010113
0000010534
0000010547
0000010587
0000010768
0000011023
0000011078
0000011251
0000011371
0000011635
0000011715
0000012034
0000012100
0000012111
0000012295
0000012394
0000012604
0000013049
0000013101
0000013355
0000013433
0000013463
0000013860
0000014023
0000014558
0000014608
0000014722
0000014898
0000014951
0000017544
0000020026
0000023768
0000023980
0000025928
0000028981
0000031073
0000031527
0000032726
0000034084
0000035074
0000035536
0000039718
0000039975
0000041183
0000042005
0000042091
0000051120
0000057688
0000001971
0000003040
0000003148
0000003218
0000003228
0000003340
0000003344
0000003387
0000003393
0000003553
0000003741
0000003753
0000003763
0000003799
0000003805
0000003859
0000003930
0000004211
0000004254
0000004285
0000004341
0000004345
0000004355
0000004357
0000004473
0000004477
0000004593
0000004623
0000032691
0000032815
0000033110
0000033343
0000033589
0000033654
0000034281
0000034872
0000035951
0000036223
0000036684
0000036849
0000037794
0000038108
0000039280
0000039830
0000039857
0000039983
0000040612
0000041914
0000042522
0000043526
0000043931
0000045159
0000045263
0000046112
0000050073
0000051069
0000057576
0000004269
0000004587
0000005996
0000006145
0000008519
0000008758
0000010029
0000010320
0000010846
0000010876
0000011443
0000012602
0000012742
0000013777
0000014040
0000014219
0000026900
0000040227
0000042036
0000042135
0000042852
0000046516
0000005617
0000034339
0000037332
0000037422
0000002319
0000002691
0000002972
0000003075
0000003130
0000003276
0000003362
0000003565
0000003599
0000003664
0000003987
0000004040
0000004050
0000004215
0000004256
0000004293
0000004314
0000004356
0000004421
0000004465
0000004496
0000004508
0000004529
0000004617
0000004625
0000004690
0000004734
0000004781
0000004815
0000004885
0000004896
0000004899
0000004966
0000004979
0000004982
0000004986
0000005058
0000005085
0000005097
0000005122
0000005127
0000005139
0000005174
0000005180
0000005191
0000005192
0000005232
0000005233
0000005270
0000005278
0000005396
0000005434
0000005455
0000005497
0000005505
0000005513
0000005514
0000005534
0000005592
0000005604
0000005607
0000005639
0000005646
0000005650
0000005669
0000005684
0000005726
0000005752
0000005768
0000010228
0000010235
0000010246
0000010252
0000010255
0000010260
0000010293
0000010311
0000010318
0000010390
0000010441
0000010525
0000010554
0000010567
0000010598
0000010602
0000010612
0000010621
0000010633
0000010636
0000010652
0000010655
0000010664
0000010696
0000010698
0000010739
0000010760
0000010776
0000010792
0000010818
0000010841
0000010864
0000010918
0000010936
0000010952
0000010961
0000011005
0000011007
0000011046
0000011120
0000011130
0000011180
0000011219
0000011229
0000011246
0000011252
0000011260
0000011261
0000011267
0000011309
0000011365
0000011384
0000011392
0000011415
0000011436
0000011438
0000011443
0000011453
0000011483
0000011488
0000011491
0000011506
0000011565
0000011570
0000011603
0000011604
0000011657
0000011719
0000011735
0000011736
0000011757
0000011762
0000011783
0000011799
0000011854
0000011865
0000011892
0000011898
0000011910
0000011927
0000012000
0000012083
0000012114
0000012159
0000012233
0000012263
0000012280
0000012331
0000012361
0000012373
0000012437
0000012445
0000012522
0000012524
0000012560
0000012634
0000012651
0000012652
0000012764
0000012770
0000012841
0000012849
0000012864
0000012871
0000012873
0000012875
0000012898
0000012907
0000012926
0000012938
0000013014
0000013028
0000013078
0000013142
0000013178
0000013180
0000013257
0000013287
0000013294
0000013321
0000013348
0000013380
0000013396
0000013414
0000013442
0000013479
0000013485
0000013576
0000013612
0000013645
0000013673
0000013674
0000013686
0000013714
0000013715
0000013772
0000013779
0000013814
0000013871
0000013912
0000013933
0000013936
0000013947
0000013964
0000013995
0000014042
0000014060
0000014078
0000014102
0000014105
0000014111
0000014117
0000014126
0000014141
0000014185
0000014227
0000014230
0000014240
0000014256
0000014270
0000014291
0000014302
0000014343
0000014344
0000014350
0000014397
0000014412
0000014446
0000014479
0000014555
0000014632
0000014661
0000014699
0000014700
0000014717
0000014753
0000014834
0000014838
0000014874
0000014904
0000014961
0000014963
0000014966
0000014975
0000014984
0000015019
0000015080
0000015101
0000015162
0000015182
0000015199
0000015270
0000015275
0000015288
0000015317
0000015369
0000015419
0000015457
0000015495
0000015591
0000015595
0000015612
0000015662
0000015665
0000015750
0000015785
0000015798
0000015809
0000015859
0000015916
0000015953
0000015995
0000015998
0000016024
0000016029
0000016060
0000016108
0000016138
0000016142
0000016154
0000016209
0000016233
0000016318
0000016325
0000016379
0000016388
0000016389
0000016481
0000016512
0000016543
0000016617
0000016618
0000016794
0000016808
0000016889
0000016892
0000016897
0000016909
0000016933
0000016973
0000017089
0000017097
0000017106
0000017108
0000017203
0000017276
0000017548
0000017568
0000017606
0000017619
0000017702
0000017741
0000017947
0000020032
0000020424
0000021095
0000021164
0000023434
0000024224
0000025313
0000025324
0000025350
0000025373
0000025402
0000025408
0000025481
0000025748
0000025782
0000025859
0000025941
0000025970
0000026011
0000026132
0000026138
0000026144
0000026258
0000026335
0000026408
0000026461
0000026481
0000026777
0000027029
0000027033
0000027428
0000027466
0000027497
0000027530
0000027545
0000027593
0000027638
0000027646
0000028703
0000028773
0000028947
0000029116
0000029361
0000029746
0000029847
0000029986
0000030195
0000030591
0000030593
0000030641
0000030658
0000030716
0000030794
0000030873
0000031021
0000031387
0000031437
0000031621
0000031819
0000031924
0000032042
0000032055
0000032485
0000033059
0000033737
0000033782
0000034422
0000034667
0000034840
0000034876
0000035301
0000035376
0000035763
0000036189
0000036644
0000036915
0000037758
0000038911
0000039786
0000040098
0000040618
0000040949
0000041243
0000041296
0000041553
0000042047
0000042290
0000043518
0000047252
0000050039
0000050044
0000050881
0000052753
0000002858
0000002881
0000003119
0000003153
0000003205
0000003500
0000003525
0000003605
0000003642
0000003953
0000004373
0000004584
0000004752
0000004924
0000004996
0000005035
0000005629
0000005732
0000005737
0000005948
0000006096
0000006503
0000006570
0000007904
0000020023
0000024643
0000035154
0000054601
0000003239
0000003938
0000004687
0000004711
0000004810
0000004834
0000004914
0000005227
0000005331
0000005384
0000005501
0000005603
0000005661
0000005890
0000005956
0000005998
0000006036
0000006080
0000006086
0000006102
0000006311
0000006473
0000006487
0000006612
0000006700
0000006735
0000006870
0000006902
0000006996
0000007157
0000007181
0000007197
0000007398
0000007476
0000007532
0000007644
0000007730
0000007753
0000008071
0000008097
0000008110
0000008128
0000008177
0000008264
0000008318
0000008412
0000008573
0000008804
0000008883
0000009537
0000009622
0000009624
0000009627
0000009635
0000009655
0000009708
0000009886
0000009934
0000009969
0000010336
0000010428
0000010585
0000010714
0000010829
0000010880
0000011106
0000011122
0000011132
0000011207
0000011263
0000011368
0000011681
0000011774
0000011791
0000011795
0000011824
0000012053
0000012081
0000012088
0000012172
0000012234
0000012274
0000012494
0000012539
0000012870
0000012997
0000013086
0000013092
0000013170
0000013229
0000013242
0000013370
0000013440
0000013580
0000013632
0000013743
0000013745
0000013775
0000013821
0000013831
0000014079
0000014191
0000014579
0000014615
0000014875
0000015262
0000015276
0000015330
0000015388
0000015391
0000015620
0000015686
0000015784
0000015813
0000015836
0000016158
0000016315
0000016567
0000016878
0000016932
0000016960
0000017101
0000017111
0000017175
0000010207
0000010253
0000010265
0000010275
0000010280
0000010282
0000010426
0000010436
0000010484
0000010653
0000010759
0000010761
0000010868
0000010888
0000010970
0000011034
0000011056
0000011108
0000011135
0000011168
0000011178
0000011241
0000011266
0000011335
0000011397
0000011454
0000011508
0000011589
0000011598
0000011642
0000011718
0000011770
0000011794
0000011879
0000011989
0000012019
0000012041
0000012104
0000012188
0000012239
0000012252
0000012342
0000012496
0000012540
0000012572
0000012619
0000012673
0000012718
0000012845
0000012915
0000012919
0000012933
0000012968
0000013068
0000013133
0000013137
0000013186
0000013237
0000013304
0000013314
0000013341
0000013343
0000013357
0000013548
0000013751
0000013776
0000013789
0000013826
0000013926
0000014041
0000014140
0000014215
0000014241
0000014268
0000014316
0000014518
0000014970
0000015087
0000015302
0000015319
0000015437
0000015619
0000015658
0000015922
0000015961
0000015991
0000015994
0000016173
0000016189
0000016333
0000016547
0000016942
0000017040
0000017073
0000017255
0000017529
0000017932
0000020027
0000020311
0000020636
0000021365
0000024280
0000025945
0000027488
0000030306
0000030997
0000031587
0000031637
0000031916
0000032848
0000032884
0000032929
0000033091
0000036853
0000037132
0000039344
0000042650
0000046508
0000047074
0000050166
0000054383
0000054979
0000057606
00000000ID
0000003291
0000004578
0000004663
0000006195
0000012538
0000013070
0000034288
0000003477
0000003926
0000004963
0000005026
0000005414
0000006344
0000006526
0000006645
0000006765
0000006818
0000006933
0000008411
0000008453
0000008967
0000009444
0000009913
0000010134
0000010330
0000010576
0000011315
0000011709
0000011890
0000011914
0000012219
0000012231
0000013409
0000013556
0000015268
0000015363
0000016000
0000016459
0000016667
0000017177
0000019912
0000020044
0000020065
0000020092
0000020245
0000020283
0000020318
0000020455
0000020542
0000020599
0000020612
0000020819
0000020929
0000020948
0000021382
0000022570
0000024603
0000024745
0000025634
0000025954
0000026020
0000026090
0000027188
0000027199
0000027499
0000027739
0000028163
0000028260
0000028980
0000029005
0000029057
0000029097
0000029166
0000029456
0000029726
0000030087
0000030281
0000032106
0000032110
0000032282
0000032923
0000033218
0000033716
0000033809
0000033826
0000034421
0000035041
0000035139
0000035140
0000036087
0000036642
0000036881
0000036923
0000038458
0000038696
0000039721
0000039883
0000040007
0000040227
0000040304
0000040536
0000040544
0000040545
0000040982
0000041252
0000041278
0000041391
0000041907
0000042416
0000042726
0000043685
0000043715
0000045415
0000050144
0000050830
0000051037
0000051630
0000054296
0000054355
0000054670
0000009664
0000009770
0000010102
0000010786
0000010791
0000010865
0000011020
0000011240
0000011282
0000011470
0000011480
0000011730
0000012654
0000012738
0000012890
0000013475
0000013683
0000013770
0000013805
0000013911
0000014351
0000014728
0000015123
0000015132
0000016544
0000017468
0000019919
0000022387
0000022556
0000022557
0000022593
0000023441
0000023490
0000023777
0000024023
0000025218
0000026508
0000027855
0000028477
0000028626
0000028735
0000028832
0000028953
0000028978
0000029272
0000029462
0000029527
0000032887
0000033116
0000033187
0000033609
0000033658
0000033994
0000034631
0000035069
0000035737
0000035834
0000035948
0000036299
0000036625
0000036905
0000036994
0000037006
0000037488
0000037538
0000037621
0000037850
0000037927
0000037945
0000037967
0000038109
0000038112
0000038115
0000038119
0000038459
0000038569
0000038641
0000038803
0000038938
0000039103
0000039171
0000039674
0000040033
0000040980
0000041187
0000041384
0000041989
0000042738
0000042750
0000043510
0000043701
0000043706
0000043707
0000043710
0000047739
0000049463
0000050053
0000050096
0000050113
0000050115
0000050117
0000050119
0000050133
0000050139
0000050140
0000050143
0000050145
0000050147
0000050151
0000050153
0000050154
0000050157
0000050160
0000050169
0000050173
0000050175
0000050177
0000050180
0000050183
0000050185
0000050187
0000050191
0000050840
0000050841
0000050842
0000050843
0000050846
0000050847
0000050849
0000050855
0000050864
0000051104
0000051106
0000051107
0000051108
0000051110
0000051131
0000053358
0000053897
0000054297
0000054300
0000054302
0000054303
0000054304
0000054365
0000054626
0000054647
0000054660
0000054665
0000054666
0000054667
0000054668
0000054669
0000054671
0000054672
0000054876
0000054926
0000054927
0000054955
0000054958
0000054959
0000054961
0000054962
0000054972
0000054997
0000055008
0000055012
0000055013
0000055014
0000056378
0000056387
0000056407
0000057341
0000057342
0000057344
0000057346
0000057347
0000057369
0000057589
0000057592
0000057628
0000057645
0000057656
0000057736
0000057859
0000057860
0000057861
0000057862
0000057863
0000057864
0000057866
0000057869
0000057870
0000057872
0000057873
0000058943
0000058961
0000059131
0000059132
0000059133
0000059140
0000059141
0000059142
0000059143
0000059144
0000059145
0000059146
0000059147
0000059148
0000059149
0000059150
0000059151
0000059152
0000059153
0000059154
0000059155
0000059156
0000059157
0000059158
0000060453
0000060455
0000060467
0000060479
0000060482
0000060483
0000060485
0000060488
